
DETspectralFuel = [
    1    1    1    1    1    1    1    1    1    1  3.82383E-05 0.01351 
    2    2    1    1    1    1    1    1    1    1  9.32136E-04 0.00431 
    3    3    1    1    1    1    1    1    1    1  1.21434E-03 0.00436 
    4    4    1    1    1    1    1    1    1    1  1.69799E-03 0.00389 
    5    5    1    1    1    1    1    1    1    1  1.71248E-03 0.00420 
    6    6    1    1    1    1    1    1    1    1  3.14389E-03 0.00318 
    7    7    1    1    1    1    1    1    1    1  6.81880E-03 0.00250 
    8    8    1    1    1    1    1    1    1    1  8.72719E-03 0.00222 
    9    9    1    1    1    1    1    1    1    1  1.06379E-02 0.00209 
   10   10    1    1    1    1    1    1    1    1  2.68838E-02 0.00141 
   11   11    1    1    1    1    1    1    1    1  3.42356E-02 0.00131 
   12   12    1    1    1    1    1    1    1    1  1.17232E-01 0.00084 
   13   13    1    1    1    1    1    1    1    1  1.60520E-01 0.00075 
   14   14    1    1    1    1    1    1    1    1  1.80236E+00 0.00040 
   15   15    1    1    1    1    1    1    1    1  7.90726E-01 0.00045 
   16   16    1    1    1    1    1    1    1    1  1.96777E+00 0.00037 
   17   17    1    1    1    1    1    1    1    1  2.27417E+00 0.00034 
   18   18    1    1    1    1    1    1    1    1  2.49437E+00 0.00033 
   19   19    1    1    1    1    1    1    1    1  2.64153E+00 0.00032 
   20   20    1    1    1    1    1    1    1    1  2.73044E+00 0.00032 
   21   21    1    1    1    1    1    1    1    1  2.77022E+00 0.00032 
   22   22    1    1    1    1    1    1    1    1  2.77286E+00 0.00032 
   23   23    1    1    1    1    1    1    1    1  6.74938E+00 0.00028 
   24   24    1    1    1    1    1    1    1    1  6.26104E+00 0.00028 
   25   25    1    1    1    1    1    1    1    1  5.62724E+00 0.00028 
   26   26    1    1    1    1    1    1    1    1  4.94805E+00 0.00028 
   27   27    1    1    1    1    1    1    1    1  4.29014E+00 0.00029 
   28   28    1    1    1    1    1    1    1    1  3.68643E+00 0.00029 
   29   29    1    1    1    1    1    1    1    1  3.15262E+00 0.00030 
   30   30    1    1    1    1    1    1    1    1  2.69331E+00 0.00031 
   31   31    1    1    1    1    1    1    1    1  2.30378E+00 0.00031 
   32   32    1    1    1    1    1    1    1    1  1.97633E+00 0.00033 
   33   33    1    1    1    1    1    1    1    1  1.70331E+00 0.00034 
   34   34    1    1    1    1    1    1    1    1  1.47484E+00 0.00036 
   35   35    1    1    1    1    1    1    1    1  2.41193E+00 0.00033 
   36   36    1    1    1    1    1    1    1    1  1.88468E+00 0.00035 
   37   37    1    1    1    1    1    1    1    1  1.51824E+00 0.00036 
   38   38    1    1    1    1    1    1    1    1  1.26039E+00 0.00038 
   39   39    1    1    1    1    1    1    1    1  5.57531E-01 0.00049 
   40   40    1    1    1    1    1    1    1    1  5.18846E-01 0.00051 
   41   41    1    1    1    1    1    1    1    1  9.41605E-01 0.00042 
   42   42    1    1    1    1    1    1    1    1  8.39021E-01 0.00043 
   43   43    1    1    1    1    1    1    1    1  7.59019E-01 0.00045 
   44   44    1    1    1    1    1    1    1    1  6.95254E-01 0.00045 
   45   45    1    1    1    1    1    1    1    1  6.43159E-01 0.00046 
   46   46    1    1    1    1    1    1    1    1  3.04529E-01 0.00061 
   47   47    1    1    1    1    1    1    1    1  2.94218E-01 0.00061 
   48   48    1    1    1    1    1    1    1    1  2.84948E-01 0.00063 
   49   49    1    1    1    1    1    1    1    1  2.75946E-01 0.00065 
   50   50    1    1    1    1    1    1    1    1  1.08043E-01 0.00097 
   51   51    1    1    1    1    1    1    1    1  1.06696E-01 0.00097 
   52   52    1    1    1    1    1    1    1    1  1.05728E-01 0.00097 
   53   53    1    1    1    1    1    1    1    1  1.04327E-01 0.00098 
   54   54    1    1    1    1    1    1    1    1  1.02854E-01 0.00099 
   55   55    1    1    1    1    1    1    1    1  1.01793E-01 0.00098 
   56   56    1    1    1    1    1    1    1    1  1.00748E-01 0.00100 
   57   57    1    1    1    1    1    1    1    1  9.96095E-02 0.00101 
   58   58    1    1    1    1    1    1    1    1  9.87051E-02 0.00100 
   59   59    1    1    1    1    1    1    1    1  9.76880E-02 0.00101 
   60   60    1    1    1    1    1    1    1    1  9.63934E-02 0.00101 
   61   61    1    1    1    1    1    1    1    1  9.54720E-02 0.00102 
   62   62    1    1    1    1    1    1    1    1  9.45897E-02 0.00102 
   63   63    1    1    1    1    1    1    1    1  9.35650E-02 0.00103 
   64   64    1    1    1    1    1    1    1    1  9.26043E-02 0.00102 
   65   65    1    1    1    1    1    1    1    1  2.27649E-01 0.00069 
   66   66    1    1    1    1    1    1    1    1  2.22683E-01 0.00070 
   67   67    1    1    1    1    1    1    1    1  2.18182E-01 0.00070 
   68   68    1    1    1    1    1    1    1    1  2.13293E-01 0.00069 
   69   69    1    1    1    1    1    1    1    1  4.13256E-01 0.00053 
   70   70    1    1    1    1    1    1    1    1  3.96291E-01 0.00055 
   71   71    1    1    1    1    1    1    1    1  3.80334E-01 0.00057 
   72   72    1    1    1    1    1    1    1    1  3.65719E-01 0.00057 
   73   73    1    1    1    1    1    1    1    1  3.52118E-01 0.00058 
   74   74    1    1    1    1    1    1    1    1  6.03249E-01 0.00047 
   75   75    1    1    1    1    1    1    1    1  5.66922E-01 0.00048 
   76   76    1    1    1    1    1    1    1    1  5.35176E-01 0.00049 
   77   77    1    1    1    1    1    1    1    1  5.06701E-01 0.00048 
   78   78    1    1    1    1    1    1    1    1  4.29154E-01 0.00053 
   79   79    1    1    1    1    1    1    1    1  3.09158E-01 0.00060 
   80   80    1    1    1    1    1    1    1    1  5.89575E-01 0.00046 
   81   81    1    1    1    1    1    1    1    1  4.20230E-01 0.00053 
   82   82    1    1    1    1    1    1    1    1  4.02895E-01 0.00054 
   83   83    1    1    1    1    1    1    1    1  3.44405E-01 0.00058 
   84   84    1    1    1    1    1    1    1    1  3.73230E-01 0.00055 
   85   85    1    1    1    1    1    1    1    1  3.98934E-01 0.00054 
   86   86    1    1    1    1    1    1    1    1  3.82948E-01 0.00056 
   87   87    1    1    1    1    1    1    1    1  3.68202E-01 0.00056 
   88   88    1    1    1    1    1    1    1    1  3.54756E-01 0.00057 
   89   89    1    1    1    1    1    1    1    1  3.41950E-01 0.00057 
   90   90    1    1    1    1    1    1    1    1  1.00351E-01 0.00099 
   91   91    1    1    1    1    1    1    1    1  1.64558E-01 0.00079 
   92   92    1    1    1    1    1    1    1    1  3.20733E-01 0.00059 
   93   93    1    1    1    1    1    1    1    1  1.04831E+00 0.00036 
   94   94    1    1    1    1    1    1    1    1  6.30316E-01 0.00043 
   95   95    1    1    1    1    1    1    1    1  6.94516E-01 0.00041 
   96   96    1    1    1    1    1    1    1    1  1.70522E+00 0.00029 
   97   97    1    1    1    1    1    1    1    1  5.06583E-01 0.00046 
   98   98    1    1    1    1    1    1    1    1  7.63971E-01 0.00039 
   99   99    1    1    1    1    1    1    1    1  1.05014E+00 0.00035 
  100  100    1    1    1    1    1    1    1    1  4.08245E-01 0.00051 
  101  101    1    1    1    1    1    1    1    1  3.86310E-01 0.00051 
  102  102    1    1    1    1    1    1    1    1  3.11193E-01 0.00052 
  103  103    1    1    1    1    1    1    1    1  3.61058E-01 0.00052 
  104  104    1    1    1    1    1    1    1    1  2.21733E-01 0.00068 
  105  105    1    1    1    1    1    1    1    1  1.32014E+00 0.00031 
  106  106    1    1    1    1    1    1    1    1  1.22198E+00 0.00032 
  107  107    1    1    1    1    1    1    1    1  1.00630E+00 0.00035 
  108  108    1    1    1    1    1    1    1    1  1.49789E+00 0.00029 
  109  109    1    1    1    1    1    1    1    1  3.62909E-01 0.00053 
